================================================================================
CLASSIFICATION REPORT
================================================================================

Date: 2025-11-14 14:05:20
Model: Combined Spatial-Temporal GNN
Test Samples: 4893
Num Classes: 100

================================================================================
OVERALL METRICS
================================================================================

Accuracy:              0.1872
F1 Score (Macro):      0.0750
F1 Score (Weighted):   0.1510
Precision (Macro):     0.1184
Recall (Macro):        0.0723

================================================================================
PER-CLASS METRICS
================================================================================

              precision    recall  f1-score   support

         ada     0.1790    0.2107    0.1935       356
         apa     0.1897    0.2619    0.2200       168
        bagi     0.0000    0.0000    0.0000        26
      bahasa     0.0000    0.0000    0.0000        10
      bahkan     0.0000    0.0000    0.0000        24
       barat     0.6000    0.3103    0.4091        29
      begini     0.0000    0.0000    0.0000        10
      begitu     0.1053    0.0488    0.0667        41
      beliau     0.0000    0.0000    0.0000        11
      berapa     0.0000    0.0000    0.0000        11
     berarti     0.0000    0.0000    0.0000        15
     bersama     0.5882    0.3226    0.4167        31
        biar     0.0000    0.0000    0.0000        12
      bicara     0.0000    0.0000    0.0000        16
       bukan     0.1556    0.3443    0.2143        61
       bulan     0.4000    0.1176    0.1818        17
       cukup     0.0000    0.0000    0.0000        17
         dan     0.1940    0.3557    0.2511       402
    demokrat     0.6667    0.2000    0.3077        10
        diri     0.0000    0.0000    0.0000        21
        dulu     0.2857    0.0435    0.0755        46
       emang     0.0000    0.0000    0.0000        12
      enggak     0.0000    0.0000    0.0000        73
        gini     0.0000    0.0000    0.0000        12
        gitu     0.0250    0.0086    0.0128       116
         hal     0.0000    0.0000    0.0000        34
       harga     0.0000    0.0000    0.0000        22
        hari     0.2083    0.0676    0.1020        74
       hidup     0.0000    0.0000    0.0000        17
       hukum     0.0000    0.0000    0.0000        22
         ibu     0.0000    0.0000    0.0000        17
   indonesia     0.2846    0.3365    0.3084       104
         ini     0.2426    0.1606    0.1933       411
         iya     0.0000    0.0000    0.0000        20
         jam     0.0000    0.0000    0.0000        11
        jawa     0.0000    0.0000    0.0000        12
       kabar     0.4500    0.5000    0.4737        36
       kalau     0.1562    0.4420    0.2308       224
      kalian     0.0000    0.0000    0.0000         9
       kasus     0.2273    0.2083    0.2174        48
        kata     0.0000    0.0000    0.0000        12
        kita     0.1344    0.3592    0.1956       412
  komunikasi     0.0000    0.0000    0.0000         9
     kondisi     0.0000    0.0000    0.0000        14
        kota     1.0000    0.1818    0.3077        11
        lagi     0.3077    0.0938    0.1437       128
     langkah     0.0000    0.0000    0.0000        10
    langsung     0.0000    0.0000    0.0000        32
        lima     0.0000    0.0000    0.0000        10
       malam     0.0000    0.0000    0.0000        14
        masa     0.0000    0.0000    0.0000        19
       masih     0.1163    0.0746    0.0909        67
        mata     0.5312    0.4146    0.4658        41
     melihat     0.0000    0.0000    0.0000        23
      memang     0.1429    0.1370    0.1399        73
  memberikan     0.0000    0.0000    0.0000        15
     meminta     0.0000    0.0000    0.0000         9
     menarik     0.3333    0.0909    0.1429        11
  mengatakan     0.0000    0.0000    0.0000        11
     menjadi     0.0357    0.0172    0.0233        58
      minyak     0.2000    0.1000    0.1333        10
        muda     0.0000    0.0000    0.0000        13
        nama     0.0000    0.0000    0.0000        17
     namanya     0.0000    0.0000    0.0000        26
      negara     0.0000    0.0000    0.0000        43
       nggak     0.1111    0.0103    0.0189        97
         oke     0.3000    0.1250    0.1765        24
        pada     0.0556    0.0196    0.0290        51
      paling     0.0000    0.0000    0.0000        25
       pasti     0.0000    0.0000    0.0000        25
     penting     0.0000    0.0000    0.0000        19
     politik     0.0000    0.0000    0.0000        20
     program     0.0000    0.0000    0.0000        10
      proses     1.0000    0.0667    0.1250        15
       rusia     0.2500    0.1875    0.2143        16
      saling     0.0000    0.0000    0.0000         9
      sampai     0.2059    0.0972    0.1321        72
        saya     0.0904    0.0813    0.0856       209
  sebenarnya     0.0000    0.0000    0.0000        31
      segala     0.0000    0.0000    0.0000        10
      sekali     0.0000    0.0000    0.0000        27
     seksual     0.5000    0.0833    0.1429        12
      selama     0.0000    0.0000    0.0000        19
     sendiri     0.0000    0.0000    0.0000        32
     serikat     0.0000    0.0000    0.0000        11
      sesuai     0.0000    0.0000    0.0000         9
       siapa     0.0000    0.0000    0.0000        20
        sini     0.0000    0.0000    0.0000        14
       sobat     1.0000    0.2222    0.3636         9
        suka     0.0000    0.0000    0.0000        16
      supaya     0.0000    0.0000    0.0000        16
        tahu     0.0000    0.0000    0.0000        47
         tak     0.0000    0.0000    0.0000        12
       tanpa     0.0000    0.0000    0.0000        10
       telah     0.0000    0.0000    0.0000        12
       turun     0.0000    0.0000    0.0000         9
        uang     0.0000    0.0000    0.0000        13
        umum     0.0000    0.0000    0.0000        14
       untuk     0.2767    0.5833    0.3754       204
       waktu     0.2899    0.3448    0.3150        58

    accuracy                         0.1872      4893
   macro avg     0.1184    0.0723    0.0750      4893
weighted avg     0.1583    0.1872    0.1510      4893
