================================================================================
CLASSIFICATION REPORT
================================================================================

Date: 2025-11-15 19:08:12
Model: Combined Spatial-Temporal GNN
Test Samples: 4893
Num Classes: 100

================================================================================
OVERALL METRICS
================================================================================

Accuracy:              0.2281
F1 Score (Macro):      0.1086
F1 Score (Weighted):   0.1983
Precision (Macro):     0.2171
Recall (Macro):        0.0938

================================================================================
PER-CLASS METRICS
================================================================================

              precision    recall  f1-score   support

         ada     0.1657    0.4803    0.2464       356
         apa     0.2778    0.2976    0.2874       168
        bagi     0.0000    0.0000    0.0000        26
      bahasa     0.0000    0.0000    0.0000        10
      bahkan     0.1111    0.0417    0.0606        24
       barat     0.7500    0.6207    0.6792        29
      begini     0.0000    0.0000    0.0000        10
      begitu     0.2000    0.0244    0.0435        41
      beliau     0.0000    0.0000    0.0000        11
      berapa     0.0000    0.0000    0.0000        11
     berarti     0.0000    0.0000    0.0000        15
     bersama     0.5000    0.2903    0.3673        31
        biar     0.1667    0.0833    0.1111        12
      bicara     0.5000    0.0625    0.1111        16
       bukan     0.3250    0.2131    0.2574        61
       bulan     0.2500    0.0588    0.0952        17
       cukup     0.0000    0.0000    0.0000        17
         dan     0.2416    0.2861    0.2620       402
    demokrat     0.0000    0.0000    0.0000        10
        diri     0.0000    0.0000    0.0000        21
        dulu     0.0000    0.0000    0.0000        46
       emang     0.0000    0.0000    0.0000        12
      enggak     0.0000    0.0000    0.0000        73
        gini     0.0000    0.0000    0.0000        12
        gitu     0.1061    0.0603    0.0769       116
         hal     0.0000    0.0000    0.0000        34
       harga     0.2000    0.0455    0.0741        22
        hari     0.6250    0.1351    0.2222        74
       hidup     0.0000    0.0000    0.0000        17
       hukum     0.0000    0.0000    0.0000        22
         ibu     0.0000    0.0000    0.0000        17
   indonesia     0.3786    0.5096    0.4344       104
         ini     0.2606    0.3285    0.2906       411
         iya     0.0000    0.0000    0.0000        20
         jam     0.0000    0.0000    0.0000        11
        jawa     0.0000    0.0000    0.0000        12
       kabar     0.6061    0.5556    0.5797        36
       kalau     0.2446    0.4509    0.3171       224
      kalian     0.0000    0.0000    0.0000         9
       kasus     0.4211    0.1667    0.2388        48
        kata     0.0000    0.0000    0.0000        12
        kita     0.1738    0.4223    0.2463       412
  komunikasi     0.0000    0.0000    0.0000         9
     kondisi     1.0000    0.1429    0.2500        14
        kota     0.7500    0.2727    0.4000        11
        lagi     0.2432    0.1406    0.1782       128
     langkah     0.0000    0.0000    0.0000        10
    langsung     1.0000    0.0312    0.0606        32
        lima     0.0000    0.0000    0.0000        10
       malam     0.5714    0.2857    0.3810        14
        masa     0.0000    0.0000    0.0000        19
       masih     0.2917    0.1045    0.1538        67
        mata     0.5278    0.4634    0.4935        41
     melihat     0.0000    0.0000    0.0000        23
      memang     0.2609    0.0822    0.1250        73
  memberikan     0.0000    0.0000    0.0000        15
     meminta     0.0000    0.0000    0.0000         9
     menarik     1.0000    0.0909    0.1667        11
  mengatakan     0.0000    0.0000    0.0000        11
     menjadi     0.1176    0.0690    0.0870        58
      minyak     0.4000    0.2000    0.2667        10
        muda     0.0000    0.0000    0.0000        13
        nama     0.0000    0.0000    0.0000        17
     namanya     1.0000    0.0385    0.0741        26
      negara     0.0714    0.0465    0.0563        43
       nggak     0.1034    0.0619    0.0774        97
         oke     0.3333    0.0417    0.0741        24
        pada     0.1290    0.0784    0.0976        51
      paling     0.1250    0.0400    0.0606        25
       pasti     0.0000    0.0000    0.0000        25
     penting     0.0000    0.0000    0.0000        19
     politik     0.3333    0.1500    0.2069        20
     program     0.0000    0.0000    0.0000        10
      proses     0.0000    0.0000    0.0000        15
       rusia     1.0000    0.3125    0.4762        16
      saling     0.0000    0.0000    0.0000         9
      sampai     0.3784    0.1944    0.2569        72
        saya     0.1193    0.1388    0.1283       209
  sebenarnya     0.1905    0.1290    0.1538        31
      segala     0.0000    0.0000    0.0000        10
      sekali     1.0000    0.0370    0.0714        27
     seksual     1.0000    0.1667    0.2857        12
      selama     0.0000    0.0000    0.0000        19
     sendiri     0.0000    0.0000    0.0000        32
     serikat     0.0000    0.0000    0.0000        11
      sesuai     0.0000    0.0000    0.0000         9
       siapa     0.0000    0.0000    0.0000        20
        sini     0.0000    0.0000    0.0000        14
       sobat     1.0000    0.1111    0.2000         9
        suka     0.5000    0.0625    0.1111        16
      supaya     0.0000    0.0000    0.0000        16
        tahu     0.2500    0.0213    0.0392        47
         tak     0.0000    0.0000    0.0000        12
       tanpa     0.0000    0.0000    0.0000        10
       telah     0.0000    0.0000    0.0000        12
       turun     0.0000    0.0000    0.0000         9
        uang     0.0000    0.0000    0.0000        13
        umum     0.5000    0.0714    0.1250        14
       untuk     0.3961    0.2990    0.3408       204
       waktu     0.6176    0.3621    0.4565        58

    accuracy                         0.2281      4893
   macro avg     0.2171    0.0938    0.1086      4893
weighted avg     0.2385    0.2281    0.1983      4893
