================================================================================
                                Test Set Results                                
================================================================================

[Overall Metrics]
Accuracy:          0.0578

[Macro Average]
Precision:         0.0025
Recall:            0.0104
F1-Score:          0.0031

[Weighted Average]
Precision:         0.0191
Recall:            0.0578
F1-Score:          0.0224

[Top-k Accuracy]
Top-3:             0.1351
Top-5:             0.1694

Loss:              4.5266

[Per-Class Metrics]
              precision    recall  f1-score   support

         ada       0.00      0.00      0.00       356
         apa       0.00      0.00      0.00       168
        bagi       0.00      0.00      0.00        26
      bahasa       0.00      0.00      0.00        10
      bahkan       0.00      0.00      0.00        24
       barat       0.00      0.00      0.00        29
      begini       0.00      0.00      0.00        10
      begitu       0.00      0.00      0.00        41
      beliau       0.00      0.00      0.00        11
      berapa       0.00      0.00      0.00        11
     berarti       0.00      0.00      0.00        15
     bersama       0.00      0.00      0.00        31
        biar       0.00      0.00      0.00        12
      bicara       0.00      0.00      0.00        16
       bukan       0.00      0.00      0.00        61
       bulan       0.00      0.00      0.00        17
       cukup       0.00      0.00      0.00        17
         dan       0.12      0.09      0.10       402
    demokrat       0.00      0.00      0.00        10
        diri       0.00      0.00      0.00        21
        dulu       0.00      0.00      0.00        46
       emang       0.00      0.00      0.00        12
      enggak       0.00      0.00      0.00        73
        gini       0.00      0.00      0.00        12
        gitu       0.00      0.00      0.00       116
         hal       0.00      0.00      0.00        34
       harga       0.00      0.00      0.00        22
        hari       0.00      0.00      0.00        74
       hidup       0.00      0.00      0.00        17
       hukum       0.00      0.00      0.00        22
         ibu       0.00      0.00      0.00        17
   indonesia       0.00      0.00      0.00       104
         ini       0.00      0.00      0.00       411
         iya       0.00      0.00      0.00        20
         jam       0.00      0.00      0.00        11
        jawa       0.00      0.00      0.00        12
       kabar       0.00      0.00      0.00        36
       kalau       0.00      0.00      0.00       224
      kalian       0.00      0.00      0.00         9
       kasus       0.00      0.00      0.00        48
        kata       0.00      0.00      0.00        12
        kita       0.08      0.24      0.12       412
  komunikasi       0.00      0.00      0.00         9
     kondisi       0.00      0.00      0.00        14
        kota       0.00      0.00      0.00        11
        lagi       0.00      0.00      0.00       128
     langkah       0.00      0.00      0.00        10
    langsung       0.00      0.00      0.00        32
        lima       0.00      0.00      0.00        10
       malam       0.00      0.00      0.00        14
        masa       0.00      0.00      0.00        19
       masih       0.00      0.00      0.00        67
        mata       0.00      0.00      0.00        41
     melihat       0.00      0.00      0.00        23
      memang       0.00      0.00      0.00        73
  memberikan       0.00      0.00      0.00        15
     meminta       0.00      0.00      0.00         9
     menarik       0.00      0.00      0.00        11
  mengatakan       0.00      0.00      0.00        11
     menjadi       0.00      0.00      0.00        58
      minyak       0.00      0.00      0.00        10
        muda       0.00      0.00      0.00        13
        nama       0.00      0.00      0.00        17
     namanya       0.00      0.00      0.00        26
      negara       0.00      0.00      0.00        43
       nggak       0.00      0.00      0.00        97
         oke       0.00      0.00      0.00        24
        pada       0.00      0.00      0.00        51
      paling       0.00      0.00      0.00        25
       pasti       0.00      0.00      0.00        25
     penting       0.00      0.00      0.00        19
     politik       0.00      0.00      0.00        20
     program       0.00      0.00      0.00        10
      proses       0.00      0.00      0.00        15
       rusia       0.00      0.00      0.00        16
      saling       0.00      0.00      0.00         9
      sampai       0.00      0.00      0.00        72
        saya       0.04      0.72      0.08       209
  sebenarnya       0.00      0.00      0.00        31
      segala       0.00      0.00      0.00        10
      sekali       0.00      0.00      0.00        27
     seksual       0.00      0.00      0.00        12
      selama       0.00      0.00      0.00        19
     sendiri       0.00      0.00      0.00        32
     serikat       0.00      0.00      0.00        11
      sesuai       0.00      0.00      0.00         9
       siapa       0.00      0.00      0.00        20
        sini       0.00      0.00      0.00        14
       sobat       0.00      0.00      0.00         9
        suka       0.00      0.00      0.00        16
      supaya       0.00      0.00      0.00        16
        tahu       0.00      0.00      0.00        47
         tak       0.00      0.00      0.00        12
       tanpa       0.00      0.00      0.00        10
       telah       0.00      0.00      0.00        12
       turun       0.00      0.00      0.00         9
        uang       0.00      0.00      0.00        13
        umum       0.00      0.00      0.00        14
       untuk       0.00      0.00      0.00       204
       waktu       0.00      0.00      0.00        58

    accuracy                           0.06      4893
   macro avg       0.00      0.01      0.00      4893
weighted avg       0.02      0.06      0.02      4893

================================================================================